20181101
20181102
20181103
20181104
20181105
20181106
20181107
20181108
20181109
20181110
20181111
20181112
20181113
20181114
20181115
20181116
20181117
20181118
20181119
20181120
20181121
20181122
20181123
20181124
20181125
20181126
20181127
20181128
20181129
20181130
20181201
20181202
20181203
20181204
20181205
20181206
20181207
20181208
20181209
20181210
20181211
20181212
20181213
20181214
20181215
20181216
20181217
20181218
20181219
20181220
20181221
20181222
20181223
20181224
20181225
20181226
20181227
20181228
20181229
20181230
20181231
20190101
20190102
20190103
20190104
20190105
20190106
20190107
20190108
20190109
20190110
20190111
20190112
20190113
20190114
20190115
20190116
20190117
20190118
20190119
20190120
20190121
20190122
20190123
20190124
20190125
20190126
20190127
20190128
20190129
20190130
20190131
20190201
20190202
20190203
20190204
20190205
20190206
20190207
20190208
20190209
20190210
20190211
20190212
20190213
20190214
20190215
20190216
20190217
20190218
20190219
20190220
20190221
20190222
20190223
20190224
20190225
20190226
20190227
20190228
